>> calendar
                   Oct 2021
     S     M    Tu     W    Th     F     S
     0     0     0     0     0     1     2
     3     4     5     6     7     8     9
    10    11    12    13    14    15    16
    17    18    19    20    21    22    23
    24    25    26    27    28    29    30
    31     0     0     0     0     0     0

>> d='20-Apr-2000'

d =

    '20-Apr-2000'

>> calendar(d)
                   Apr 2000
     S     M    Tu     W    Th     F     S
     0     0     0     0     0     0     1
     2     3     4     5     6     7     8
     9    10    11    12    13    14    15
    16    17    18    19    20    21    22
    23    24    25    26    27    28    29
    30     0     0     0     0     0     0

>> calendar(2000,2)
                   Feb 2000
     S     M    Tu     W    Th     F     S
     0     0     1     2     3     4     5
     6     7     8     9    10    11    12
    13    14    15    16    17    18    19
    20    21    22    23    24    25    26
    27    28    29     0     0     0     0
     0     0     0     0     0     0     0
