>> A=rand(15,10)>0.98

A =

  15×10 logical 数组

   0   0   0   0   0   0   0   0   0   0
   0   0   0   0   0   0   0   0   0   0
   0   0   0   0   0   0   0   0   0   0
   0   0   0   0   0   0   0   0   0   0
   0   0   0   0   0   0   0   0   0   0
   0   0   0   0   0   0   0   0   0   0
   0   0   0   0   0   0   0   0   0   0
   0   0   0   0   0   0   0   0   0   0
   0   0   0   0   0   0   0   0   0   0
   0   0   0   0   0   0   0   0   0   0
   0   0   0   0   0   0   0   0   0   0
   0   0   0   0   0   0   0   0   0   0
   0   0   0   0   0   0   0   1   0   0
   0   0   0   0   0   0   0   0   0   0
   0   0   0   0   0   0   0   0   0   0

>> S=sparse(A)

S =

  15×10 稀疏 logical 数组

  (13,8)      1

>> whos
  Name       Size            Bytes  Class      Attributes

  A         15x10              150  logical              
  S         15x10               97  logical    sparse    

>> B=[0 0 0 2;0 0 3 0;0 0 0 0;4 0 0 0];
>> S1=sparse(A)

S1 =

  15×10 稀疏 logical 数组

  (13,8)      1

>> S1=sparse(B)

S1 =

   (4,1)        4
   (2,3)        3
   (1,4)        2

>> S2=sparse([4,2,1],[1,3,4],[4 3 2],4,4)

S2 =

   (4,1)        4
   (2,3)        3
   (1,4)        2

>> C=full(S1)

C =

     0     0     0     2
     0     0     3     0
     0     0     0     0
     4     0     0     0

>> 
