>> A=speye(5)

A =

   (1,1)        1
   (2,2)        1
   (3,3)        1
   (4,4)        1
   (5,5)        1

>> B=speye(4,6)

B =

   (1,1)        1
   (2,2)        1
   (3,3)        1
   (4,4)        1

>> C=full(A)

C =

     1     0     0     0     0
     0     1     0     0     0
     0     0     1     0     0
     0     0     0     1     0
     0     0     0     0     1

>> S=sprandsym(8,0.1)

S =

   (8,1)       1.8339
   (3,2)      -2.2588
   (2,3)      -2.2588
   (8,5)       0.8622
   (8,6)       0.5377
   (1,8)       1.8339
   (5,8)       0.8622
   (6,8)       0.5377

>> R=spones(S)

R =

   (8,1)        1
   (3,2)        1
   (2,3)        1
   (8,5)        1
   (8,6)        1
   (1,8)        1
   (5,8)        1
   (6,8)        1

>> A=[2 3 4 5;5 6 7 2;1 2 4 0;8 7 9 2];
>> S=spconvert(A)

S =

   (1,2)      4.0000 + 0.0000i
   (2,3)      4.0000 + 5.0000i
   (5,6)      7.0000 + 2.0000i
   (8,7)      9.0000 + 2.0000i
